{
    "camera_0": {
        "T_board_to_camera": [
            [
                -0.7055012947704932,
                -0.3531945267483032,
                0.6144278227360801,
                0.00017663636545114586
            ],
            [
                0.6565780413142368,
                -0.6520912551415996,
                0.3790544428334981,
                -0.07223296253137394
            ],
            [
                0.2667830555734716,
                0.6708432165885674,
                0.6919509953862245,
                -0.5847064105233346
            ],
            [
                0.0,
                0.0,
                0.0,
                1.0
            ]
        ],
        "num_successful_samples": 10,
        "all_samples": [
            {
                "sample": 1,
                "T_board_to_camera": [
                    [
                        -0.7054948829740293,
                        -0.35316258688686997,
                        0.6144535436636642,
                        0.00015492866386434008
                    ],
                    [
                        0.6565816621052366,
                        -0.6520723924490217,
                        0.37908061938449644,
                        -0.07225555679373613
                    ],
                    [
                        0.2667911000850393,
                        0.6708783661955293,
                        0.6919138144929831,
                        -0.584693407907341
                    ],
                    [
                        0.0,
                        0.0,
                        0.0,
                        1.0
                    ]
                ],
                "num_corners": 42,
                "reproject_error": 0.28269070386886597
            },
            {
                "sample": 2,
                "T_board_to_camera": [
                    [
                        -0.7056007279355142,
                        -0.3531601227439382,
                        0.6143334114634812,
                        0.00024587832700116903
                    ],
                    [
                        0.6564871509777989,
                        -0.6521443051151894,
                        0.3791205954665078,
                        -0.07229295500005781
                    ],
                    [
                        0.26674375969818886,
                        0.6708097591786463,
                        0.6919985792274153,
                        -0.5847696559405448
                    ],
                    [
                        0.0,
                        0.0,
                        0.0,
                        1.0
                    ]
                ],
                "num_corners": 42,
                "reproject_error": 0.28529325127601624
            },
            {
                "sample": 3,
                "T_board_to_camera": [
                    [
                        -0.7054712589098454,
                        -0.35326341543587886,
                        0.6144227064218373,
                        0.00016216313071613293
                    ],
                    [
                        0.6565897123635764,
                        -0.652150983978839,
                        0.37893144988737487,
                        -0.07217535314338931
                    ],
                    [
                        0.2668337543686589,
                        0.6707488750717437,
                        0.692022899996464,
                        -0.5848063666709212
                    ],
                    [
                        0.0,
                        0.0,
                        0.0,
                        1.0
                    ]
                ],
                "num_corners": 42,
                "reproject_error": 0.2825121283531189
            },
            {
                "sample": 4,
                "T_board_to_camera": [
                    [
                        -0.7055689168514012,
                        -0.3532438967441802,
                        0.6143217829331201,
                        0.00027190626557647984
                    ],
                    [
                        0.6565341607550249,
                        -0.6521271441765009,
                        0.3790687056324968,
                        -0.07223262079740186
                    ],
                    [
                        0.26671220319819605,
                        0.6707823322369099,
                        0.6920373280567857,
                        -0.5847402487408113
                    ],
                    [
                        0.0,
                        0.0,
                        0.0,
                        1.0
                    ]
                ],
                "num_corners": 42,
                "reproject_error": 0.28343138098716736
            },
            {
                "sample": 5,
                "T_board_to_camera": [
                    [
                        -0.7054136896674384,
                        -0.3531831546849187,
                        0.6145349344639242,
                        8.788853723910334e-05
                    ],
                    [
                        0.6566540032934152,
                        -0.6520291156985613,
                        0.37902975112790865,
                        -0.07222257890263901
                    ],
                    [
                        0.2668277466615913,
                        0.6709096001162613,
                        0.6918693966951683,
                        -0.5846348530235947
                    ],
                    [
                        0.0,
                        0.0,
                        0.0,
                        1.0
                    ]
                ],
                "num_corners": 42,
                "reproject_error": 0.2833425998687744
            },
            {
                "sample": 6,
                "T_board_to_camera": [
                    [
                        -0.7055784161195059,
                        -0.35311393534179253,
                        0.6143855852587377,
                        0.0002011258118264425
                    ],
                    [
                        0.656543232772736,
                        -0.6520093662805551,
                        0.3792555468055201,
                        -0.07238064003780162
                    ],
                    [
                        0.2666647374637568,
                        0.670965226334317,
                        0.69187830060172,
                        -0.584656771392462
                    ],
                    [
                        0.0,
                        0.0,
                        0.0,
                        1.0
                    ]
                ],
                "num_corners": 42,
                "reproject_error": 0.2791566848754883
            },
            {
                "sample": 7,
                "T_board_to_camera": [
                    [
                        -0.7053397529896998,
                        -0.35319841206961283,
                        0.6146110270438804,
                        7.466935568756802e-05
                    ],
                    [
                        0.656757061762621,
                        -0.651894030805481,
                        0.3790835454423088,
                        -0.07225049145051093
                    ],
                    [
                        0.2667695535051893,
                        0.6710328265529834,
                        0.6917723259938598,
                        -0.5845323738574858
                    ],
                    [
                        0.0,
                        0.0,
                        0.0,
                        1.0
                    ]
                ],
                "num_corners": 42,
                "reproject_error": 0.2638932764530182
            },
            {
                "sample": 8,
                "T_board_to_camera": [
                    [
                        -0.7055650167098798,
                        -0.35325970673196105,
                        0.6143171711704271,
                        0.0002448499699091462
                    ],
                    [
                        0.6565426857663728,
                        -0.6521215115931931,
                        0.37906363038952534,
                        -0.07225292950643157
                    ],
                    [
                        0.26670153535715685,
                        0.6707794821825259,
                        0.692044201854966,
                        -0.5848211546485145
                    ],
                    [
                        0.0,
                        0.0,
                        0.0,
                        1.0
                    ]
                ],
                "num_corners": 42,
                "reproject_error": 0.27770474553108215
            },
            {
                "sample": 9,
                "T_board_to_camera": [
                    [
                        -0.705390240548818,
                        -0.353173010681817,
                        0.6145676798078646,
                        6.255379852537752e-05
                    ],
                    [
                        0.6566111321704315,
                        -0.65216695286921,
                        0.37886684560034256,
                        -0.0720755830332669
                    ],
                    [
                        0.2669951865639993,
                        0.6707809553879948,
                        0.6919295341582294,
                        -0.5846526300395485
                    ],
                    [
                        0.0,
                        0.0,
                        0.0,
                        1.0
                    ]
                ],
                "num_corners": 42,
                "reproject_error": 0.28291401267051697
            },
            {
                "sample": 10,
                "T_board_to_camera": [
                    [
                        -0.7055900163991234,
                        -0.3531869037807704,
                        0.6143303181152934,
                        0.00026039979416569943
                    ],
                    [
                        0.6564794843166539,
                        -0.6521967281555634,
                        0.3790436840979132,
                        -0.07219091664850445
                    ],
                    [
                        0.2667909582973625,
                        0.6707446897150443,
                        0.6920434565761351,
                        -0.5847566430121226
                    ],
                    [
                        0.0,
                        0.0,
                        0.0,
                        1.0
                    ]
                ],
                "num_corners": 42,
                "reproject_error": 0.27822259068489075
            }
        ],
        "T_camera_to_base": [
            [
                -0.6324348994468406,
                0.6870189169568373,
                -0.3578143453037042,
                0.9629952071529517
            ],
            [
                0.7049986282578925,
                0.31912104214860326,
                -0.633355109407415,
                0.37518534966542466
            ],
            [
                -0.3209408545451235,
                -0.6528144975423288,
                -0.686170678244417,
                1.3504872155748842
            ],
            [
                0.0,
                0.0,
                0.0,
                1.0
            ]
        ],
        "T_camera_to_cam_arm": [
            [
                -0.8100736884865634,
                -0.10853071562918726,
                0.5761958894219834,
                -0.5273593535578472
            ],
            [
                0.571344760936912,
                0.07462763451145955,
                0.8173101494030082,
                -0.6939337673402645
            ],
            [
                -0.1317033916484954,
                0.9912879500590331,
                0.0015545726237451306,
                0.7601660500533056
            ],
            [
                0.0,
                0.0,
                0.0,
                1.0
            ]
        ]
    },
    "camera_1": {
        "T_board_to_camera": [
            [
                0.1712367264971313,
                -0.6927630474668575,
                0.7005407508225193,
                -0.24971574749430525
            ],
            [
                0.9809554814930758,
                0.05372032631340799,
                -0.18665602018008637,
                0.36837328915392875
            ],
            [
                0.09167511563796626,
                0.7191616554052458,
                0.6887686016127275,
                -0.5631037323453507
            ],
            [
                0.0,
                0.0,
                0.0,
                1.0
            ]
        ],
        "num_successful_samples": 10,
        "all_samples": [
            {
                "sample": 1,
                "T_board_to_camera": [
                    [
                        0.17122653318539133,
                        -0.6926350159679817,
                        0.7006698287983761,
                        -0.2498858243158618
                    ],
                    [
                        0.9809813115145873,
                        0.05386783619466716,
                        -0.18647767341648394,
                        0.36822689464944586
                    ],
                    [
                        0.09141739874024206,
                        0.7192739331289147,
                        0.6886856092070094,
                        -0.5631069421280962
                    ],
                    [
                        0.0,
                        0.0,
                        0.0,
                        1.0
                    ]
                ],
                "num_corners": 45,
                "reproject_error": 0.26348215341567993
            },
            {
                "sample": 2,
                "T_board_to_camera": [
                    [
                        0.17118419555137465,
                        -0.6925130707020628,
                        0.7008006978451351,
                        -0.24990838514478939
                    ],
                    [
                        0.9810305275628468,
                        0.054134836521354625,
                        -0.18614113856041828,
                        0.3679490608091001
                    ],
                    [
                        0.09096744023655574,
                        0.7193712993869066,
                        0.6886434915362251,
                        -0.5629970418772036
                    ],
                    [
                        0.0,
                        0.0,
                        0.0,
                        1.0
                    ]
                ],
                "num_corners": 45,
                "reproject_error": 0.2744988203048706
            },
            {
                "sample": 3,
                "T_board_to_camera": [
                    [
                        0.17158503610039433,
                        -0.6931321459041395,
                        0.7000902825355805,
                        -0.2494073451007231
                    ],
                    [
                        0.9808485980947417,
                        0.053710067388725344,
                        -0.18721980738340385,
                        0.3688515364699251
                    ],
                    [
                        0.09216617059424062,
                        0.7188066895733661,
                        0.6890735374563243,
                        -0.5634289054241709
                    ],
                    [
                        0.0,
                        0.0,
                        0.0,
                        1.0
                    ]
                ],
                "num_corners": 49,
                "reproject_error": 0.29016193747520447
            },
            {
                "sample": 4,
                "T_board_to_camera": [
                    [
                        0.17101559024286264,
                        -0.6926122994624344,
                        0.7007437980654874,
                        -0.24987045216519313
                    ],
                    [
                        0.981024839566985,
                        0.053762774277704636,
                        -0.1862788991124225,
                        0.3680775816445195
                    ],
                    [
                        0.09134512601368966,
                        0.7193036679562559,
                        0.6886641425384509,
                        -0.5630125635254728
                    ],
                    [
                        0.0,
                        0.0,
                        0.0,
                        1.0
                    ]
                ],
                "num_corners": 45,
                "reproject_error": 0.27095937728881836
            },
            {
                "sample": 5,
                "T_board_to_camera": [
                    [
                        0.17136202510525725,
                        -0.6931817783681326,
                        0.7000957637996521,
                        -0.2494302901368939
                    ],
                    [
                        0.9809098107002777,
                        0.053736033591891885,
                        -0.18689136407484408,
                        0.368571012948015
                    ],
                    [
                        0.09192931862996725,
                        0.7187568857633325,
                        0.6891571225373975,
                        -0.5634599720102924
                    ],
                    [
                        0.0,
                        0.0,
                        0.0,
                        1.0
                    ]
                ],
                "num_corners": 45,
                "reproject_error": 0.2970331013202667
            },
            {
                "sample": 6,
                "T_board_to_camera": [
                    [
                        0.1708323877339584,
                        -0.6923935273373713,
                        0.7010046352217846,
                        -0.2500085231576481
                    ],
                    [
                        0.9810558536333089,
                        0.05356553689062517,
                        -0.18617235377315994,
                        0.3679600075583189
                    ],
                    [
                        0.09135484307322729,
                        0.7195289685335345,
                        0.6884274515794192,
                        -0.5627469089497741
                    ],
                    [
                        0.0,
                        0.0,
                        0.0,
                        1.0
                    ]
                ],
                "num_corners": 45,
                "reproject_error": 0.26342806220054626
            },
            {
                "sample": 7,
                "T_board_to_camera": [
                    [
                        0.17163617395027367,
                        -0.6931114612673908,
                        0.7000982260022474,
                        -0.24935705868915975
                    ],
                    [
                        0.9808286654347117,
                        0.05365579723693555,
                        -0.18733975681747655,
                        0.3689385509834065
                    ],
                    [
                        0.09228300414092387,
                        0.7188306877719197,
                        0.6890328653003969,
                        -0.5633327788276983
                    ],
                    [
                        0.0,
                        0.0,
                        0.0,
                        1.0
                    ]
                ],
                "num_corners": 49,
                "reproject_error": 0.29481732845306396
            },
            {
                "sample": 8,
                "T_board_to_camera": [
                    [
                        0.17120673855218374,
                        -0.6928758213059786,
                        0.700436541682321,
                        -0.24964257828441577
                    ],
                    [
                        0.9809368371633276,
                        0.05354172422735609,
                        -0.1868052602652538,
                        0.3684762947587452
                    ],
                    [
                        0.09193026797704697,
                        0.7190663251858812,
                        0.6888341206802557,
                        -0.563125581643552
                    ],
                    [
                        0.0,
                        0.0,
                        0.0,
                        1.0
                    ]
                ],
                "num_corners": 45,
                "reproject_error": 0.2627251446247101
            },
            {
                "sample": 9,
                "T_board_to_camera": [
                    [
                        0.1709761100928452,
                        -0.6922808530281193,
                        0.7010808728728652,
                        -0.25004123886232554
                    ],
                    [
                        0.9810635849068549,
                        0.05389774376619353,
                        -0.18603568363790743,
                        0.36782471262009503
                    ],
                    [
                        0.0910022645170389,
                        0.7196125719771532,
                        0.6883867620060671,
                        -0.5626479286969052
                    ],
                    [
                        0.0,
                        0.0,
                        0.0,
                        1.0
                    ]
                ],
                "num_corners": 45,
                "reproject_error": 0.26328250765800476
            },
            {
                "sample": 10,
                "T_board_to_camera": [
                    [
                        0.17134092884699115,
                        -0.6928938786243045,
                        0.7003858644110531,
                        -0.24960577908604198
                    ],
                    [
                        0.9808734162157106,
                        0.05333120997850826,
                        -0.18719808600397023,
                        0.36885723909771645
                    ],
                    [
                        0.09235598228145223,
                        0.7190645694283623,
                        0.6887790048554271,
                        -0.5631787003703419
                    ],
                    [
                        0.0,
                        0.0,
                        0.0,
                        1.0
                    ]
                ],
                "num_corners": 45,
                "reproject_error": 0.27566760778427124
            }
        ],
        "T_camera_to_base": [
            [
                -0.9785584549680671,
                -0.01030237521960914,
                0.20571147579885551,
                0.5279262607792906
            ],
            [
                -0.15998079803116189,
                0.6670734917139268,
                -0.7276119164182934,
                0.6305915677403409
            ],
            [
                -0.12972854146956755,
                -0.744920678809109,
                -0.6544185876109839,
                1.3001938371864097
            ],
            [
                0.0,
                0.0,
                0.0,
                1.0
            ]
        ],
        "T_camera_to_cam_arm": [
            [
                -0.06295894317082903,
                -0.6018237229463258,
                0.7961434405770331,
                -0.872784897257878
            ],
            [
                0.7070198911051864,
                0.5361279634473596,
                0.46118291424487645,
                -0.41517233073663407
            ],
            [
                -0.7043855798186263,
                0.591924837550183,
                0.39174729307905476,
                0.515176247281917
            ],
            [
                0.0,
                0.0,
                0.0,
                1.0
            ]
        ]
    },
    "camera_2": {
        "T_board_to_camera": [
            [
                -0.806250740665671,
                0.5311202264240377,
                -0.2605207252011556,
                0.7834788167941446
            ],
            [
                -0.5751795832788585,
                -0.6008402605200149,
                0.5551210933817948,
                -0.05753355816718105
            ],
            [
                0.1383047004089726,
                0.597412994854916,
                0.789917415571568,
                -0.5902655672755066
            ],
            [
                0.0,
                0.0,
                0.0,
                1.0
            ]
        ],
        "num_successful_samples": 10,
        "all_samples": [
            {
                "sample": 1,
                "T_board_to_camera": [
                    [
                        -0.8061126011399524,
                        0.53129629177225,
                        -0.2605891874818215,
                        0.7834706596191993
                    ],
                    [
                        -0.5753875265840281,
                        -0.6008424501164923,
                        0.5549031846993892,
                        -0.05730780211472338
                    ],
                    [
                        0.13824495844295395,
                        0.597254217638575,
                        0.7900479295448083,
                        -0.5902953866593638
                    ],
                    [
                        0.0,
                        0.0,
                        0.0,
                        1.0
                    ]
                ],
                "num_corners": 43,
                "reproject_error": 0.2933593690395355
            },
            {
                "sample": 2,
                "T_board_to_camera": [
                    [
                        -0.8066701540141958,
                        0.5307538245520919,
                        -0.2599685372233365,
                        0.7831345957172294
                    ],
                    [
                        -0.5744429092510788,
                        -0.6007421711843565,
                        0.5559893773912074,
                        -0.05828008578366845
                    ],
                    [
                        0.1389194249695513,
                        0.5978371195267428,
                        0.7894885508239475,
                        -0.5900628258278682
                    ],
                    [
                        0.0,
                        0.0,
                        0.0,
                        1.0
                    ]
                ],
                "num_corners": 43,
                "reproject_error": 0.26747915148735046
            },
            {
                "sample": 3,
                "T_board_to_camera": [
                    [
                        -0.8063494946898129,
                        0.5315114387463652,
                        -0.2594148856470117,
                        0.7827326751975505
                    ],
                    [
                        -0.5749961603493366,
                        -0.6017926767174169,
                        0.5542788015365608,
                        -0.05700899809320539
                    ],
                    [
                        0.1384915448574506,
                        0.596104994720775,
                        0.7908722572400306,
                        -0.5911231740695597
                    ],
                    [
                        0.0,
                        0.0,
                        0.0,
                        1.0
                    ]
                ],
                "num_corners": 43,
                "reproject_error": 0.3133522868156433
            },
            {
                "sample": 4,
                "T_board_to_camera": [
                    [
                        -0.8061666110616771,
                        0.5313272538118953,
                        -0.26035887648789857,
                        0.7833295878493223
                    ],
                    [
                        -0.5752834715133678,
                        -0.6009559232496714,
                        0.5548881920843725,
                        -0.05733627940233388
                    ],
                    [
                        0.1383630102768048,
                        0.5971124916360778,
                        0.7901343871262004,
                        -0.5904062827906928
                    ],
                    [
                        0.0,
                        0.0,
                        0.0,
                        1.0
                    ]
                ],
                "num_corners": 43,
                "reproject_error": 0.28035134077072144
            },
            {
                "sample": 5,
                "T_board_to_camera": [
                    [
                        -0.8062330773050278,
                        0.5312670924362008,
                        -0.26027581822683843,
                        0.7833554595325205
                    ],
                    [
                        -0.575155563667235,
                        -0.6008871767536178,
                        0.5550951975973957,
                        -0.0575799103873468
                    ],
                    [
                        0.13850741006130407,
                        0.5972351942973989,
                        0.7900163416351954,
                        -0.5904772080575351
                    ],
                    [
                        0.0,
                        0.0,
                        0.0,
                        1.0
                    ]
                ],
                "num_corners": 43,
                "reproject_error": 0.27075082063674927
            },
            {
                "sample": 6,
                "T_board_to_camera": [
                    [
                        -0.806201256050108,
                        0.530762744338806,
                        -0.26140092571597257,
                        0.7840646405326082
                    ],
                    [
                        -0.5753771968467905,
                        -0.6004795192211654,
                        0.5553066075103444,
                        -0.05757587367257476
                    ],
                    [
                        0.1377701567537679,
                        0.5980930163593765,
                        0.7894961226568404,
                        -0.5897340503121293
                    ],
                    [
                        0.0,
                        0.0,
                        0.0,
                        1.0
                    ]
                ],
                "num_corners": 43,
                "reproject_error": 0.264845609664917
            },
            {
                "sample": 7,
                "T_board_to_camera": [
                    [
                        -0.8061804766804815,
                        0.5307743420048651,
                        -0.26144145977356725,
                        0.7840894461108585
                    ],
                    [
                        -0.5754234907705752,
                        -0.600513523813815,
                        0.5552218601479234,
                        -0.05749718560827937
                    ],
                    [
                        0.13769838520707875,
                        0.5980485812925376,
                        0.7895423035691916,
                        -0.5897652690807507
                    ],
                    [
                        0.0,
                        0.0,
                        0.0,
                        1.0
                    ]
                ],
                "num_corners": 43,
                "reproject_error": 0.2715550661087036
            },
            {
                "sample": 8,
                "T_board_to_camera": [
                    [
                        -0.8061443741176534,
                        0.5312783969927299,
                        -0.26052737469849985,
                        0.7835111327715223
                    ],
                    [
                        -0.5753281841185157,
                        -0.6008403069520818,
                        0.5549670315438742,
                        -0.05741653954870527
                    ],
                    [
                        0.1383066471191765,
                        0.5972722916983204,
                        0.7900234685957679,
                        -0.5904011204014245
                    ],
                    [
                        0.0,
                        0.0,
                        0.0,
                        1.0
                    ]
                ],
                "num_corners": 43,
                "reproject_error": 0.27716100215911865
            },
            {
                "sample": 9,
                "T_board_to_camera": [
                    [
                        -0.8062935991266057,
                        0.5309249446881108,
                        -0.26078599486051984,
                        0.7837048281913354
                    ],
                    [
                        -0.5751164867143811,
                        -0.6005461243757638,
                        0.5555046167283908,
                        -0.05786352457040817
                    ],
                    [
                        0.138317239405548,
                        0.5978821419018766,
                        0.789560184962522,
                        -0.5900572944468575
                    ],
                    [
                        0.0,
                        0.0,
                        0.0,
                        1.0
                    ]
                ],
                "num_corners": 43,
                "reproject_error": 0.270915150642395
            },
            {
                "sample": 10,
                "T_board_to_camera": [
                    [
                        -0.806155606074623,
                        0.5313028739001275,
                        -0.26044269039449397,
                        0.783395142419299
                    ],
                    [
                        -0.5752833801571741,
                        -0.6008023616010768,
                        0.5550545512015059,
                        -0.05746938249056504
                    ],
                    [
                        0.13842749477395563,
                        0.5972886893957007,
                        0.7899899051320667,
                        -0.5903330611088842
                    ],
                    [
                        0.0,
                        0.0,
                        0.0,
                        1.0
                    ]
                ],
                "num_corners": 43,
                "reproject_error": 0.2797764539718628
            }
        ],
        "T_camera_to_base": [
            [
                0.5938524958129239,
                0.6181220356354796,
                -0.5150382143866722,
                0.9352820742831063
            ],
            [
                0.792183453422853,
                -0.5611177105491326,
                0.23998393911081278,
                -0.4071048000728763
            ],
            [
                -0.14065770273896613,
                -0.5505198125135468,
                -0.822887201680915,
                1.383096822530002
            ],
            [
                0.0,
                0.0,
                0.0,
                1.0
            ]
        ],
        "T_camera_to_cam_arm": [
            [
                -0.6223458374254472,
                0.7233354673399555,
                -0.2991178034275242,
                0.2234653716320465
            ],
            [
                -0.3183928267939815,
                0.11516200410792837,
                0.9409376816006382,
                -0.6318765911071631
            ],
            [
                0.7150606033654464,
                0.6808256123986037,
                0.15863423028057302,
                0.5451766979953568
            ],
            [
                0.0,
                0.0,
                0.0,
                1.0
            ]
        ]
    },
    "camera_3": {
        "T_board_to_camera": [
            [
                0.14079202669677707,
                0.7429927686738425,
                -0.6543235827302818,
                1.007697226373116
            ],
            [
                -0.9892972394849895,
                0.0799986326433486,
                -0.12202946661595238,
                0.39240362825617325
            ],
            [
                -0.03832201933605922,
                0.6645012900465826,
                0.7463038646291698,
                -0.5470931042598581
            ],
            [
                0.0,
                0.0,
                0.0,
                1.0
            ]
        ],
        "num_successful_samples": 10,
        "all_samples": [
            {
                "sample": 1,
                "T_board_to_camera": [
                    [
                        0.14084322041771508,
                        0.7425687377494654,
                        -0.6547937514817415,
                        1.008085692645789
                    ],
                    [
                        -0.9892376566203451,
                        0.07906667477753887,
                        -0.12311506676240264,
                        0.39321914162359034
                    ],
                    [
                        -0.03964903512892705,
                        0.6650865587702014,
                        0.7457129631141978,
                        -0.5467226825523415
                    ],
                    [
                        0.0,
                        0.0,
                        0.0,
                        1.0
                    ]
                ],
                "num_corners": 43,
                "reproject_error": 0.26405027508735657
            },
            {
                "sample": 2,
                "T_board_to_camera": [
                    [
                        0.1407144888881811,
                        0.7429741776683281,
                        -0.6543613710596075,
                        1.0077109975793785
                    ],
                    [
                        -0.9893171687814394,
                        0.08009051861586772,
                        -0.12180742334569715,
                        0.39222949484577957
                    ],
                    [
                        -0.03809162862381295,
                        0.6645110082955081,
                        0.7463070063203695,
                        -0.5470999383666355
                    ],
                    [
                        0.0,
                        0.0,
